1	88160
1	118052
1	161555
1	244916
1	346495
1	444232
1	447165
1	500600
2	27133
2	62291
2	170507
2	299250
2	326776
2	331042
2	411179
2	451149
2	454888
4	16050
4	286286
4	310803
4	320519
4	408108
4	448284
5	173362
5	305321
5	407216
5	489756
6	162248
6	298989
6	398542
6	495077
7	30028
7	47672
7	355935
8	10758
8	55461
8	60605
8	148586
8	184847
8	242156
8	445607
8	453513
10	80558
10	192929
10	266485
10	500235
10	504757
11	57761
11	107436
11	400957
11	512424
12	386032
15	67084
15	85444
15	252980
15	422732
15	425706
15	428290
16	128935
16	148997
16	422237
17	18919
17	309780
18	41174
18	45026
18	168895
19	203677
20	23251
20	25337
20	61306
20	186932
20	218984
20	412652
20	450610
20	476125
21	17723
21	50332
21	62691
21	96553
21	114681
21	152202
21	166829
21	184384
21	198272
21	234603
21	297444
21	320969
21	340707
21	421307
21	505568
21	528460
21	536600
21	538669
21	545557
21	547758
22	444558
22	511266
22	531052
25	329631
25	483212
25	517449
26	95368
26	295866
26	309111
26	393249
26	410291
26	439826
26	486444
27	172631
27	385665
27	483393
28	319831
28	444973
29	56517
29	103486
29	247356
29	254470
29	260536
29	321434
29	425568
29	515736
31	85159
31	199627
32	207011
32	270841
32	333027
32	362777
34	48917
34	99853
34	197152
35	350166
35	476108
35	519941
38	84467
38	284568
38	458709
38	511273
38	517189
39	150250
39	301347
39	339797
39	412517
39	438351
39	498615
39	517966
42	38007
42	165211
42	202132
42	386937
42	408165
42	546773
43	6893
43	12433
43	30022
43	126893
43	188277
43	231040
43	308852
43	375902
43	439652
45	3604
45	28318
45	179783
45	219010
45	296035
45	477337
45	490336
45	521170
45	537362
46	109564
46	215555
46	352870
46	360354
46	376880
49	11762
49	157925
50	70372
50	104763
50	243355
51	178863
51	268283
51	300840
51	313180
51	360901
51	511008
51	521089
52	298828
52	302996
52	395615
54	144283
54	178505
54	225433
54	418374
54	529701
59	30925
59	194736
59	262789
59	277265
59	340052
59	431010
59	481267
59	491807
59	531181
60	120137
60	127781
60	252349
60	276685
60	355095
60	392511
60	466296
60	488649
60	514374
62	13426
62	73614
62	453178
62	454199
62	478204
63	193813
63	194827
63	405294
63	535431
64	269856
64	328229
64	355213
64	383692
64	484789
64	509737
65	14115
65	78654
66	229430
66	282913
66	362264
68	232063
68	275750
68	321438
68	375036
68	385226
68	409571
68	423059
69	247778
69	267166
69	277220
69	456407
69	507834
69	537914
72	21052
72	45272
72	108832
72	481740
72	528886
73	261014
73	261046
73	282562
73	393723
73	417573
73	483855
74	116363
74	131659
74	465216
75	228933
75	251592
75	254644
75	259591
75	321223
75	335778
75	427746
75	538405
77	24224
77	198860
77	375278
77	383931
78	279748
78	384219
78	481075
78	491183
78	515724
78	540130
79	112757
79	204636
79	326332
79	337430
79	394801
79	410781
79	455780
79	461388
79	501118
79	503991
79	534125
80	66238
80	536715
81	43363
81	171375
81	391605
81	482299
82	156331
82	333487
82	354385
82	433407
82	482506
82	489201
84	172852
84	239294
84	342090
84	384397
84	403527
84	403529
87	57874
87	201899
87	205632
87	336040
87	382874
91	29512
91	127854
91	431465
91	501890
91	505611
92	40437
92	64070
92	132812
92	164918
92	252338
92	276928
92	350476
92	351486
92	470964
92	479613
94	18099
94	35727
94	56860
94	66006
94	95611
94	172306
94	218491
94	250477
94	274208
94	287331
94	341034
94	430960
94	519463
94	539646
96	20162
96	299860
96	381461
96	517730
96	524600
98	466991
99	105529
99	119706
99	217307
99	242681
99	391072
99	516049
99	539513
100	241930
100	361820
100	371094
101	124786
101	186707
101	466129
102	74829
102	230648
102	262149
103	1352
103	59678
103	296265
103	522667
104	12639
104	245271
105	158412
105	178295
105	278985
105	490079
105	520172
105	529552
107	232639
107	285961
107	289519
107	360817
107	513301
108	34214
108	176280
108	234888
108	412749
108	493281
109	60460
109	176507
109	378941
109	414695
110	181908
110	382768
110	422235
113	64155
113	361946
113	502627
113	523735
118	239878
118	240783
118	261048
119	28735
119	465247
120	3458
120	6713
120	30203
120	55862
120	56223
120	57583
120	70756
120	103417
120	155733
120	188997
120	201760
120	223694
120	231855
120	233426
120	241189
120	267435
120	274204
120	275523
120	295306
120	298390
120	301450
120	315530
120	323934
120	348014
120	352488
120	354554
120	373520
120	374026
120	396771
120	402841
120	433981
120	440278
120	509114
120	540159
121	10489
121	123930
121	161171
121	497266
121	537757
124	243477
124	302516
124	318491
124	320027
124	366784
127	65255
127	183055
127	235419
127	259165
127	285305
127	363032
127	502306
128	26513
128	350694
128	374193
128	441002
128	530340
129	1903
129	67305
129	155050
129	283539
129	284912
129	321461
129	326338
129	369958
129	418267
129	466063
129	512231
129	514898
130	81171
130	118258
130	138401
130	142933
130	306529
130	315878
130	354603
130	375989
130	469899
130	494699
130	499782
130	525987
130	527813
130	544300
131	66154
131	104439
131	541739
132	114810
132	224509
132	340592
132	426678
132	489563
133	218320
133	297906
133	297907
133	330045
136	72587
136	89697
136	317071
136	438656
137	103751
137	133868
137	164998
137	194140
138	128038
138	218905
141	5376
141	275942
141	294503
141	438494
144	63130
144	330411
144	445344
145	247390
145	386761
145	493340
146	213209
146	341722
146	435135
147	96395
147	126666
147	190435
147	192099
147	204201
147	221209
147	253571
147	388948
147	401824
147	430959
147	461990
147	496844
147	511218
149	548083
153	23292
153	41491
153	166009
153	390370
153	542975
153	543006
153	545358
153	546604
153	547082
154	14517
154	189203
154	275852
154	281719
154	288626
155	75942
155	242860
155	341904
155	490181
158	90695
158	545659
158	546953
162	40061
162	70711
162	131153
162	297741
162	362376
162	473054
163	106918
163	294641
163	393938
164	98552
164	392400
164	494609
165	59231
165	67842
165	101737
165	233956
166	487701
166	512510
167	2928
167	120872
167	127427
167	397035
167	487177
167	541778
170	215543
170	337804
170	377446
172	120067
172	191551
172	367568
172	392009
172	490922
173	163125
173	324744
173	425568
174	15921
176	46460
176	131232
176	132531
176	132725
176	182209
176	201855
176	321841
176	347858
176	533157
178	35468
178	348269
178	423191
178	447111
178	519993
179	338007
179	521020
180	28001
180	219583
180	508984
180	534474
181	55768
182	88227
185	367153
185	428888
185	530084
186	89759
186	333883
186	427670
186	530681
187	69706
187	99838
187	233210
187	252981
187	289571
187	462399
189	27449
189	331190
189	333858
190	34494
190	265965
190	535565
193	1318
193	180577
193	204055
193	210618
193	339791
193	530038
196	18441
196	45123
196	204725
196	228496
196	289292
196	481322
196	511970
198	63132
198	115834
198	186548
198	239327
198	294337
199	17752
199	27125
199	27673
199	35460
199	148489
199	165308
199	180211
199	280116
199	329644
199	381182
199	416311
199	504701
199	522987
199	533752
200	96104
200	316689
200	517738
200	526223
201	119786
201	149004
201	164544
201	384771
203	14788
203	202940
203	231566
203	303764
203	444836
207	440045
207	517547
211	6760
211	28778
212	2049
212	18921
212	100068
212	236889
212	261870
212	282323
212	320151
212	423586
214	88727
214	251683
214	310727
215	180578
215	273076
215	279005
215	503196
220	51907
220	75243
220	345057
220	462630
220	471202
221	110214
221	301170
222	284825
224	40399
224	82840
224	425324
224	510903
225	54048
225	125250
225	218131
225	359546
225	415407
225	423781
225	510009
230	63824
230	110070
230	209330
230	295490
230	299537
230	320845
230	474442
230	531154
232	194723
232	269287
232	311079
232	407042
232	422952
233	27532
233	247393
233	316528
239	49153
239	180729
239	243521
239	358255
239	400275
239	419022
239	514822
239	529884
241	61712
241	104703
241	339572
241	486708
241	510009
242	395268
242	462059
242	501048
244	142987
244	314794
244	356172
244	363077
244	417631
246	103415
246	286091
246	315325
246	448907
248	201746
248	419053
248	436875
249	90010
249	274409
249	277359
249	313147
249	405502
249	408687
249	458090
249	483744
250	38917
250	79024
250	114249
250	184926
250	209461
250	302978
250	328775
250	344630
250	349715
250	412302
250	440262
250	458647
251	133857
251	227688
251	231534
251	232421
251	463539
251	545796
252	17838
252	19119
252	30038
252	84301
252	141482
252	153166
252	225668
252	287268
252	312147
252	352789
252	379280
252	397159
252	413713
252	413714
252	488936
252	503746
252	524691
252	533878
254	547522
254	548091
255	57654
255	97124
255	428865
255	487320
255	516543
256	27567
256	178765
256	257653
257	54999
257	70845
257	95480
257	176397
257	208459
257	239652
257	494839
257	524833
259	78803
259	411375
261	51447
261	202605
261	336421
261	438723
261	500424
263	296929
263	421538
264	162283
265	89926
265	145733
265	182045
265	202368
265	205069
265	226672
265	312767
265	331030
265	345355
265	441138
265	460219
265	489725
265	512156
265	528577
268	34730
268	45198
268	59308
268	69049
268	84587
268	133352
268	168560
268	282378
268	314877
268	389632
268	494032
268	543333
269	126528
269	171866
269	338786
269	423337
269	434500
271	254656
271	392903
271	466333
271	522498
272	36149
272	152980
272	188235
272	396638
272	429862
272	514806
272	540233
273	373466
273	448802
273	536140
274	80687
274	109982
274	268396
274	333156
274	334559
274	338211
274	361771
274	384232
274	464269
274	509613
275	8261
275	27993
275	39459
275	46258
275	50518
275	68836
275	78788
275	80241
275	89564
275	165989
275	179320
275	223042
275	229044
275	243640
275	246958
275	253757
275	268540
275	281620
275	350243
275	363293
275	369052
275	389784
275	393194
275	394773
275	396546
275	423938
275	435165
275	441163
275	448386
275	484080
275	501108
275	506204
276	201177
276	368466
277	42535
277	57896
277	60574
278	79870
279	14884
279	143969
279	291519
279	385628
279	392494
279	508815
282	270494
284	101809
284	416063
285	217006
287	26122
287	214631
287	502086
287	515142
294	320987
296	7292
296	28253
296	88015
296	109374
296	245159
296	272356
296	285678
296	338194
296	352846
296	376858
296	423854
296	424705
296	441565
296	465697
296	513357
296	530296
296	531155
296	532042
299	63705
299	121035
299	195243
299	269280
299	294539
302	28823
302	52415
302	56086
302	96977
302	141020
302	158481
302	269960
302	335827
302	371617
302	395825
302	407924
302	464164
302	472073
302	524550
302	528109
303	61766
303	179624
303	471548
304	59803
304	249874
304	259940
304	275213
304	291896
304	334218
304	385318
304	409975
304	417668
305	107041
305	245085
307	17814
307	352421
307	451164
307	536147
307	537772
311	342126
311	365188
311	390001
312	1966
312	372055
312	510858
313	122205
314	253764
314	255919
314	270081
314	439751
316	13705
316	131848
317	296568
321	137245
322	78012
322	94601
322	172911
322	328359
322	330738
322	354163
322	457547
322	484406
322	487608
323	108397
323	129326
323	400145
323	503508
324	131903
324	354904
326	76426
326	183304
326	329986
326	370382
326	386097
327	89759
329	10968
329	173164
329	199158
329	260271
329	376777
330	263387
331	37529
331	45138
331	99689
331	220254
331	246275
333	15915
333	481828
334	8921
334	52091
334	77361
334	130113
334	148201
334	158037
334	183083
334	183666
334	203729
334	252457
334	312047
334	355083
334	379069
334	414129
335	4885
335	15475
335	39139
335	69004
335	72456
335	104328
335	133045
335	135513
335	180885
335	183524
335	197083
335	219268
335	229909
335	263501
335	293721
335	321873
335	337638
335	346358
335	396069
335	403977
335	408820
335	420867
335	439673
335	467866
338	21904
338	38921
338	123074
338	170571
338	406972
338	432247
341	41489
341	83170
341	350726
341	380018
341	394571
343	9573
343	14883
343	18779
343	34562
343	36520
343	50454
343	57020
343	64552
343	66455
343	83131
343	100690
343	106272
343	156860
343	157932
343	228586
343	262157
343	263330
343	276930
343	277017
343	277145
343	312597
343	321136
343	321434
343	358939
343	387917
343	389593
343	407608
343	435389
343	457967
343	476611
343	502687
343	525768
344	14990
344	28082
344	31266
344	36590
344	49921
344	50030
344	58921
344	65939
344	66122
344	67478
344	72255
344	86800
344	87323
344	90940
344	93243
344	101292
344	104151
344	107349
344	111113
344	117497
344	119526
344	134770
344	148771
344	161808
344	167637
344	200312
344	203300
344	204976
344	208639
344	242594
344	257345
344	258093
344	262301
344	272667
344	279750
344	282726
344	309605
344	313299
344	318015
344	320384
344	340757
344	356778
344	359013
344	366459
344	373253
344	377604
344	379303
344	382508
344	385262
344	386367
344	387746
344	393644
344	400431
344	412781
344	413513
344	427413
344	435632
344	438079
344	441932
344	446922
344	447276
344	462073
344	462096
344	465499
344	470292
344	474801
344	479085
344	479372
344	512697
344	513173
344	514533
344	532936
345	109402
345	267295
345	348110
345	390296
345	461249
345	476508
347	7575
347	72168
347	150839
347	151582
347	163304
347	164925
347	189548
347	209035
347	214834
347	239625
347	247110
347	259805
347	347049
347	490421
347	490845
347	533538
349	37216
349	220969
349	340505
349	535818
349	543799
350	20601
350	78170
350	285520
350	446330
351	224318
351	395692
352	390199
353	187690
354	23661
354	40797
354	196934
354	274310
354	514326
358	47632
358	97988
358	267454
358	276137
358	370026
358	428694
358	445342
359	88388
359	335784
359	356512
359	429320
359	479351
359	499471
360	109154
360	349248
360	379260
360	383009
362	132290
362	232207
362	315456
362	433487
362	471549
362	471551
362	471552
363	366
363	2249
363	179872
363	286571
363	339819
363	420407
363	518925
364	3173
364	49522
364	311886
364	428179
365	15835
365	146930
365	377973
365	381230
366	2249
366	20880
366	154675
366	173406
366	179871
366	179872
366	286573
366	339819
366	388255
366	420407
366	518925
366	518930
366	542387
367	67749
367	208683
367	345756
367	493239
369	122701
369	182101
369	249335
369	272478
369	296398
369	296399
369	296401
369	344160
369	364682
369	398287
369	463267
369	498503
369	530176
369	539970
370	496539
371	272478
371	296398
372	232843
374	188562
374	344415
374	457356
374	480839
376	37854
376	165173
376	184638
376	286458
376	300230
376	329614
376	526841
376	529883
376	541110
377	313739
377	318861
377	351976
379	142997
379	170019
379	192179
379	498505
379	546620
382	27385
382	333076
382	357356
382	529366
385	29466
385	58758
385	415771
385	416769
385	470610
385	480776
386	2354
386	144042
386	199948
390	132571
390	183443
390	252589
390	389397
390	529131
391	108462
391	512644
392	82314
392	95778
392	232607
392	308438
392	310672
392	352359
392	353027
392	450133
393	33068
393	37024
393	65858
393	70352
393	75474
393	85179
393	110167
393	117646
393	138333
393	168657
393	235469
393	318455
393	323071
393	345489
393	372945
393	388731
393	420630
393	488057
393	517644
395	46295
395	203216
395	417281
396	123642
396	216151
396	226877
396	243410
396	377805
396	465509
396	514683
396	523484
397	18869
397	22210
397	386581
398	48655
398	132572
398	148166
398	224844
398	404876
399	98860
399	232015
399	239254
399	531353
401	102678
401	361633
401	426137
401	441386
403	157875
403	201021
403	201022
403	201023
403	361614
403	361617
404	153382
404	157177
404	412859
404	475707
405	91716
405	291777
405	404202
405	531140
408	17854
408	69519
408	73780
408	76381
408	120838
408	123718
408	141744
408	173328
408	198409
408	212097
408	219571
408	238719
408	257609
408	281117
408	293442
408	295349
408	323974
408	341668
408	417072
408	430741
408	437175
408	453261
408	467235
408	477082
408	527065
408	527744
408	541452
409	30463
409	54826
409	57869
409	76959
409	161083
409	379588
409	425485
409	540068
411	25558
411	111832
411	172588
411	172609
411	536250
411	536254
413	8635
413	51227
413	67796
413	83213
413	97542
413	153359
413	169809
413	220193
413	233810
413	262020
413	325006
413	427096
413	445663
413	480022
413	493470
414	31823
414	265606
414	362149
414	363232
414	410079
414	501100
418	82079
418	319831
418	367957
418	468633
420	8390
420	28954
420	144552
420	318889
420	328593
422	170849
422	451122
422	535138
423	4497
423	148152
423	349662
423	397672
423	421105
423	445021
424	317710
425	119433
425	120533
425	149347
425	442820
426	21074
426	56894
426	57083
426	60296
426	149402
426	229323
426	273452
426	290644
426	298109
426	335707
426	339027
426	363243
426	369697
426	387009
426	412325
426	468631
426	504224
426	524463
431	414727
434	32499
434	40152
434	50733
434	424320
435	26279
435	140443
435	197025
435	240570
435	247123
435	285244
435	379703
435	411789
435	471853
435	473040
435	530558
437	143610
437	323055
437	466885
439	199628
439	211042
439	317053
439	360318
439	440418
441	218444
441	350732
441	383047
442	80452
442	132282
442	147120
442	261864
442	331697
442	374856
442	410311
442	424732
442	436936
442	444980
442	446495
442	459662
442	524878
443	30669
443	128705
443	139954
443	185636
443	216567
444	442848
444	526479
448	28123
448	52713
448	55701
448	56684
448	75848
448	80796
448	104366
448	114138
448	131874
448	154321
448	158327
448	203546
448	260305
448	334420
448	334588
448	338300
448	362528
448	366149
448	375133
448	389968
448	396362
448	410087
448	455467
448	471848
448	475036
448	504629
448	519832
448	520877
448	525658
450	16918
450	32132
450	56540
450	73811
450	186396
450	251637
450	282321
450	350181
450	379911
450	456631
451	364283
451	379763
453	11551
453	37851
453	148367
453	377970
453	379264
453	408878
456	5761
456	312502
456	447478
456	538252
457	14016
457	119794
457	272694
457	303563
457	314776
457	366178
458	460
458	15592
458	113055
458	273567
458	316123
458	365325
458	493359
459	14016
459	119794
459	272694
459	303563
460	193807
461	189004
461	235371
461	351409
461	515967
461	527805
462	135795
462	379317
464	88881
464	133025
464	406606
464	488388
466	33182
466	172760
466	185649
466	269866
467	154855
467	239345
467	288047
467	295663
467	317600
467	345225
467	500594
467	515865
468	41830
468	96092
468	489985
468	524832
470	115122
470	163987
470	214288
470	270744
470	270747
470	284219
471	145755
471	172196
471	183112
471	188290
471	291764
471	309030
471	381047
471	429058
471	432656
471	438544
471	468322
472	199500
472	322656
472	421045
472	435754
472	512170
473	8278
473	120588
473	478908
474	235764
475	117530
475	129423
475	178383
475	179430
475	226275
475	325411
475	378044
475	394735
476	61335
476	483580
477	59941
477	150233
477	228623
477	229189
477	383751
478	111050
478	142487
478	415277
478	480166
478	538323
479	293128
479	310453
479	332044
479	422085
480	12584
480	61709
480	99547
480	111700
480	219235
480	224180
480	253796
480	258848
480	271719
480	291376
480	293072
480	296282
480	321511
480	327795
480	379560
480	412371
480	426227
480	429529
480	438745
480	484136
480	489666
480	489667
480	499621
480	501450
480	515720
480	531564
483	170971
483	262834
483	269877
483	275317
483	415228
483	437887
483	518877
484	102358
484	239327
484	454874
485	486
485	2995
485	320882
485	531523
485	531564
486	5510
486	16366
486	29039
486	39708
486	44392
486	48443
486	73115
486	84124
486	103945
486	113793
486	114279
486	116201
486	157164
486	173801
486	274850
486	285420
486	320847
486	320882
486	340056
486	347489
486	360124
486	388279
486	394855
486	398100
486	426172
486	509916
486	536898
488	25892
488	93145
488	413027
489	86081
492	4373
492	94874
492	394569
492	425693
493	281038
493	299406
493	435532
493	495991
494	51907
494	186630
494	319831
494	379640
494	387806
494	419356
494	475770
494	476780
495	56539
495	57686
495	75250
495	99409
495	111733
495	153247
495	187251
495	204345
495	277146
495	321474
495	324232
495	345615
495	428411
495	483121
495	518026
495	539419
496	114722
496	181419
496	260753
496	372406
496	404176
496	425568
498	72130
498	196723
498	243621
499	175372
499	313733
499	313735
499	546691
500	94156
500	179049
500	377514
500	468226
501	123011
501	263333
501	482004
501	528964
502	121819
502	149717
502	239453
502	328834
502	428606
504	53580
504	387280
504	401270
504	507477
504	524817
505	88900
505	188346
505	204672
505	216189
505	269439
505	333367
507	357795
507	477535
507	484424
507	546384
509	80535
509	272686
509	313285
509	469577
509	523103
510	128281
510	155836
510	277442
510	420678
510	508092
513	225070
513	370707
513	397974
513	518680
514	71838
514	134983
514	349602
514	372205
514	434973
514	475216
515	73939
515	130633
515	133398
515	356149
515	359879
517	209579
517	237040
517	262792
517	276157
517	299991
517	362204
517	365895
517	365919
517	391531
518	92585
518	188108
518	188119
518	489698
520	37040
520	160727
520	379496
521	127332
521	169697
521	173687
521	174097
521	233313
521	235362
521	281396
521	289195
521	356349
521	404185
522	24035
522	88646
522	89460
522	91443
522	102651
522	103784
522	113212
522	176606
522	208902
522	255989
522	321372
522	349604
522	352734
522	357949
522	357974
522	372205
522	425001
522	437738
522	441528
522	469659
522	489978
522	499230
522	508614
522	544708
524	100107
524	140784
524	205489
524	219140
524	287091
524	420454
524	443931
524	477965
524	515921
532	20162
532	273310
532	465082
534	421593
534	531198
537	57481
537	95746
537	320774
537	358403
537	480856
538	45288
538	62682
538	371321
539	215309
540	72459
540	94676
540	184663
540	300223
540	342241
540	369659
540	370312
540	506956
543	75997
543	111918
543	150102
543	155048
543	309931
543	328668
543	354854
543	372648
543	423425
543	492630
543	514778
543	529222
543	530183
545	193247
545	279260
545	404495
547	30923
547	70092
547	94266
547	269175
548	15964
548	70286
548	102178
548	235466
548	404531
548	448945
548	461622
550	167291
550	461564
550	480491
556	108977
557	16058
557	79069
557	146998
557	324784
557	325692
557	480986
557	490039
559	140996
559	329109
559	469332
559	512715
561	113415
561	119421
561	171935
561	190004
563	25955
563	149755
563	212197
563	327324
563	396284
564	86714
564	128502
564	143465
564	258635
564	462082
564	531526
565	100985
566	77043
566	77462
566	105753
566	132641
566	228193
566	438424
566	466698
566	477635
566	530137
567	69937
567	95463
567	258685
567	278445
567	371034
567	415468
567	540649
568	227261
569	34239
569	49055
569	92574
569	106759
569	118058
569	176457
569	259629
569	359941
569	419679
573	156650
573	449074
574	133915
574	242921
574	388344
574	424844
574	468644
575	28467
575	87957
575	249747
575	438137
575	447726
576	87775
576	262503
576	370308
576	381870
577	39312
577	68141
577	98756
577	108115
577	111727
577	196284
577	222572
577	227873
577	288563
577	298019
577	303110
577	352650
577	466131
577	477878
577	493335
577	511591
577	516593
577	517948
578	109178
578	113987
578	264916
578	320425
578	392792
578	477780
578	509837
579	259505
579	506113
580	185465
580	521438
581	14026
584	98931
584	306398
584	437369
584	533971
586	49714
586	56736
586	91969
586	151379
586	154409
586	288070
586	369670
586	389385
586	415109
586	418852
586	458665
587	147154
588	29140
588	141491
588	276393
588	370742
590	6152
590	40279
590	106255
590	115154
590	129591
590	353551
590	375315
590	375324
590	450412
590	531741
590	535696
593	247372
593	288064
593	295583
594	53335
594	53338
594	68159
594	116891
596	517392
597	347505
597	396342
598	27893
598	47215
598	71228
598	242911
598	340789
599	24701
599	163894
599	164710
599	198913
599	243898
599	344715
599	420118
599	527561
600	64847
600	72190
600	162660
600	293380
600	302697
600	351397
600	478801
600	482043
600	518379
601	36486
601	69003
601	121616
601	223179
602	80204
602	106257
602	167160
602	404753
606	80400
606	128584
606	184350
606	292152
606	364073
606	437111
606	459859
606	501535
607	244004
607	277424
607	327921
607	539703
608	51269
608	147154
608	185200
608	262756
609	117356
609	245990
609	347191
609	347690
610	270678
610	287512
610	448890
611	10389
611	37437
611	75877
611	76205
611	76518
611	131961
611	152538
611	167031
611	168647
611	178493
611	189234
611	221006
611	247010
611	269058
611	318761
611	344140
611	348294
611	403653
611	409268
611	429829
611	433568
611	446049
611	453880
611	457744
611	466830
611	477331
611	491756
611	492837
611	494634
611	495541
611	523989
611	524700
611	537808
611	540648
612	130221
612	299979
612	466382
613	86966
613	147471
613	527113
615	143467
615	375674
616	91862
616	155172
616	221064
616	335496
618	160145
618	203882
618	288548
618	330734
618	425827
618	440912
619	132251
619	256214
619	264789
619	497980
621	330891
622	18811
622	73260
622	78358
622	107745
622	165296
622	179657
622	195165
622	219623
622	258405
622	269022
622	269030
622	339436
622	396972
622	529060
622	537990
624	70186
624	100199
624	141402
624	195042
624	202664
624	221338
624	425255
624	537160
625	349309
625	387510
625	443327
626	7962
626	25270
626	100408
626	428650
627	74745
627	422447
627	490984
627	514902
629	91130
629	166433
629	370522
629	482263
630	256305
630	402153
630	521514
632	205644
632	275087
632	464251
632	497729
632	515649
633	32303
633	48132
633	72537
633	76376
633	123593
633	150135
633	220221
633	263300
633	284883
633	300270
633	328435
633	403929
633	452096
633	454535
633	494362
633	521846
634	37235
634	89828
634	102016
634	474003
634	532807
636	14813
636	79093
636	100003
636	293579
636	299868
636	384999
636	490199
636	537748
637	17458
637	31614
637	427377
637	502716
638	111117
638	190325
638	478899
640	824
640	173770
640	185287
640	458345
641	112073
641	122793
641	211542
641	356028
641	411251
641	420397
642	37684
642	157124
642	280172
642	330877
642	364693
642	520709
645	95068
645	174151
645	321609
645	465807
645	500054
645	532617
646	107540
646	179051
646	200931
646	262653
646	266079
646	282595
646	344430
646	355667
646	374506
646	517380
646	518567
646	521992
647	17954
647	459626
647	512258
649	149387
649	279261
649	429666
649	483707
650	16455
650	173893
650	199125
650	275732
650	319202
650	380971
650	384178
651	19326
651	70207
651	107561
651	119683
651	144282
651	147782
651	280146
651	349491
651	350346
651	520523
651	521678
652	152606
652	224067
652	298156
652	353484
652	354146
653	530018
654	25953
654	27940
654	86422
654	109449
654	183004
654	240275
654	281121
654	340189
654	358405
654	382351
654	464432
654	511817
654	523116
654	526188
655	134292
655	344709
655	383052
656	70155
656	75908
656	124595
656	181456
656	337317
656	427210
656	453133
656	461220
656	535940
658	2930
658	53586
658	214030
658	215729
658	309756
662	125293
662	359056
662	385538
664	7956
664	229364
664	265988
664	270429
664	277507
664	291438
664	329974
664	350066
664	385214
664	437005
664	455086
664	531734
664	533008
665	95434
665	166330
665	215121
666	22448
666	174482
666	216357
666	412120
670	353348
673	3237
673	46910
673	61562
673	65912
673	90707
673	99110
673	99366
673	101152
673	102047
673	102541
673	102544
673	114017
673	123959
673	142654
673	148243
673	156902
673	167634
673	195711
673	206060
673	220266
673	220371
673	234108
673	244877
673	248495
673	320219
673	342906
673	355473
673	359758
673	404870
673	438623
673	452164
673	508812
673	509779
673	513668
673	532299
676	85259
676	260891
676	285534
676	479336
678	41419
678	152661
678	154110
678	327115
681	4951
681	28445
681	99661
681	437006
681	458882
682	60045
682	279542
682	347322
682	455357
683	39098
683	86062
683	191927
683	246904
685	48558
687	7030
687	352822
688	19252
688	170410
688	203632
688	217427
688	306218
690	4200
690	118191
690	192852
690	198190
690	199132
690	233260
690	487117
690	537948
691	68024
691	92154
691	108080
691	194071
691	410163
692	333590
692	344337
692	532513
694	10493
694	87762
695	33172
695	255819
695	256620
695	366039
695	378941
695	414248
695	428219
695	453164
695	530830
696	91403
696	389255
697	138495
697	316487
698	95060
698	209364
698	420374
698	540768
700	25801
700	26989
700	178785
700	508400
702	5811
702	77615
702	174559
702	197335
702	219784
702	220032
702	249878
702	344410
702	345709
702	357915
702	474867
702	481032
702	512003
702	532953
704	27122
704	39464
704	129155
704	282195
704	365555
704	396083
705	200427
705	366040
707	228511
707	280842
709	286147
710	77826
710	328720
710	353673
710	378031
710	448775
710	477792
714	17352
714	193825
714	412684
715	334639
716	212298
716	419288
716	530543
717	40533
717	156921
717	216430
719	248253
719	313752
719	396243
722	161818
722	174500
722	507727
723	88477
723	197287
723	289566
723	355370
723	507922
724	12937
724	118624
726	82763
728	497349
728	514240
731	102358
731	115834
731	186548
731	407315
731	509190
734	26142
735	168902
735	493791
737	368941
738	17152
738	17824
740	47483
740	61095
740	75884
740	110164
740	377948
741	109816
741	109823
741	109833
741	265038
743	265571
743	295720
744	175821
744	436812
745	27819
745	154893
745	329138
745	333477
745	406306
745	433516
746	134272
746	298538
746	441628
746	465886
746	528089
746	548250
750	45677
750	163413
750	343610
750	393996
750	490318
752	39748
752	85358
752	152013
752	202438
752	222075
752	229357
752	255185
752	277062
752	308555
752	350738
752	372538
752	378887
752	461769
753	763
753	188038
753	293610
753	348408
753	372174
753	416586
753	434949
753	465909
754	331750
756	38884
756	54358
757	125986
757	359057
757	389754
757	436011
758	22567
758	42203
758	544989
758	545184
758	547601
762	52063
762	111291
763	213664
763	372174
763	434949
763	442828
763	465909
765	157949
765	186182
765	233904
765	409600
767	18561
767	24504
767	96178
767	101360
767	180359
767	190969
767	242004
767	285250
767	319170
767	337816
767	346245
767	354993
767	501692
767	503682
767	514546
767	537178
767	541331
768	57898
768	156555
768	245237
768	349134
768	389018
768	427298
770	39536
770	88574
770	190255
771	40104
771	280717
771	392919
771	491073
771	520135
771	530571
772	328358
772	358400
775	31747
775	275336
775	350205
775	397859
775	535952
776	38365
776	100973
777	234199
777	327154
777	513243
777	541697
778	219261
778	432836
779	221328
779	300849
779	314924
779	523717
780	49640
780	178682
780	283474
780	476587
781	329323
781	375919
781	469540
783	142158
785	787
785	12776
785	152115
785	178722
785	292822
785	323832
786	53127
786	202257
786	276808
786	301275
786	375134
786	524969
787	12776
787	87778
787	87782
789	12828
789	44065
789	235200
789	247979
792	11494
792	266591
792	328280
792	425310
793	15635
793	375140
793	514375
793	538550
795	46097
795	253287
795	274785
797	158688
797	211736
797	212210
800	177849
800	182012
800	428983
800	456600
801	18562
801	300126
801	449613
802	153851
802	226035
802	236205
802	281828
802	415529
802	415532
802	548362
803	72292
803	120194
803	143070
803	477536
805	266042
805	392454
807	254014
807	337548
807	355264
808	96958
808	99547
808	216645
808	224179
808	224180
808	445890
809	216105
809	292319
809	298529
809	316915
809	350373
809	381356
809	431498
809	520612
809	531497
810	34341
810	78803
810	173304
810	425813
810	469241
813	22721
813	151166
813	155739
813	338231
813	347142
813	368327
813	525897
814	140390
814	243345
814	280984
814	403849
814	449978
817	23802
817	391588
817	506801
818	8365
818	20904
818	47207
818	200810
818	240914
818	286224
818	442929
819	60306
819	337015
821	105507
821	331777
821	400012
822	8834
822	72929
822	173739
822	365094
822	369310
822	417122
824	29284
824	108323
824	173770
824	185287
824	220954
824	280129
824	281840
824	377462
824	458345
826	41308
826	75822
826	212752
826	254759
826	506820
828	98888
828	225315
828	321549
828	474419
828	535655
829	174393
829	197684
829	222511
829	280406
829	319615
829	438043
829	514930
830	389963
830	394991
830	413754
830	457898
830	521810
834	125648
834	341160
834	343398
834	415179
835	315316
835	414032
835	480343
837	9957
837	120183
837	228765
837	235146
837	293721
838	61666
840	16818
840	78680
840	174326
840	195877
840	315704
840	369028
840	386597
840	515449
841	373271
841	400424
842	93615
842	93617
842	167799
842	502776
843	12350
843	144968
843	545334
843	546092
843	546156
843	547773
845	148519
845	292209
846	18173
846	30410
846	169199
849	174573
849	202773
849	211049
849	353080
849	357048
849	488622
849	492504
851	82757
851	95689
851	143972
851	239378
851	261914
851	303153
851	366226
851	478931
851	481829
852	70350
852	218600
852	449645
852	473660
852	517958
854	67530
854	83076
855	66715
855	163734
855	164482
856	88227
858	357720
858	457775
860	9017
860	149583
860	491042
860	542650
861	289499
862	865
862	866
862	868
862	134091
862	152810
862	228798
862	228799
862	237281
862	328118
862	450231
863	53885
863	162283
863	241157
863	347579
863	482263
864	866
864	362034
864	424117
865	866
865	868
865	78501
865	84934
865	96795
865	152810
865	155455
865	228796
865	237281
865	359554
865	404704
865	519640
865	535504
866	868
866	152810
866	404704
868	152810
870	210104
870	259626
871	6100
871	45353
871	285089
871	313673
871	374739
871	405898
872	452906
873	74023
873	183871
873	247194
873	255355
873	366253
873	466634
874	15068
874	66385
874	185817
874	283545
874	310279
876	260424
876	413573
876	490870
878	115978
878	118928
878	463184
878	488245
878	507638
878	538349
881	2672
881	81991
881	333647
885	173540
885	185751
885	418553
885	448546
885	461973
885	538338
885	541910
886	159606
886	378846
886	405834
886	468272
886	519595
887	211955
887	222477
887	486684
887	507659
888	2070
888	45212
888	108122
888	116638
888	159630
888	188188
888	213923
888	245137
888	286249
888	340185
888	431524
889	73277
889	123551
889	177073
889	272001
889	299437
889	302154
890	256721
890	278970
890	355515
890	443753
890	531383
892	52239
892	254913
892	384948
893	10896
893	175352
893	237029
893	263276
893	284743
893	314988
893	373551
893	408104
893	513396
894	895
894	901
894	72058
894	115898
894	456377
895	897
895	456377
896	15218
896	491053
897	901
897	191356
897	287700
897	456377
898	223405
898	240092
898	485672
899	44665
899	61976
899	238461
899	433840
899	521889
900	92575
900	126870
900	160368
900	380067
900	473124
900	474972
900	495512
901	456377
902	174923
902	316534
902	388559
902	390822
904	7308
904	398826
904	424153
904	436020
904	463355
905	158498
908	42294
908	173351
908	268246
908	454186
910	88074
910	323799
910	388755
911	151229
911	229980
911	259174
911	295498
911	512934
912	153678
912	210072
912	221772
912	500852
915	95966
915	334254
915	392988
915	446957
918	44940
918	308517
918	408221
919	190797
919	271605
919	520751
921	33555
921	416802
922	24869
922	106876
922	471713
924	30018
924	66628
924	158013
924	185616
924	369741
924	414973
928	55586
928	141248
928	379990
929	45329
931	287068
931	506885
931	509449
933	71613
933	72596
933	100756
933	188457
933	231957
935	71235
935	111426
935	281009
935	401690
935	475818
937	122591
937	189075
937	396364
937	412448
937	491279
937	534779
938	16751
938	27028
938	31674
938	37997
938	45249
938	91192
938	95058
938	110603
938	122748
938	133340
938	144489
938	144817
938	152240
938	152799
938	173251
938	204237
938	212476
938	216281
938	239047
938	243724
938	247610
938	278748
938	280279
938	282831
938	290995
938	291607
938	321486
938	326202
938	335087
938	339759
938	348437
938	366295
938	377739
938	388055
938	404798
938	404892
938	423593
938	434788
938	438600
938	441396
938	452505
938	477952
938	501342
938	517036
938	531338
938	536814
938	540893
938	543530
941	424368
941	455524
941	481464
941	508578
941	522663
942	347343
943	166635
943	520382
943	544262
943	547272
945	59211
945	108838
945	200435
945	230129
945	349083
945	450427
945	470731
948	148147
948	252096
948	252106
948	276426
948	308678
948	459330
948	465589
951	200511
951	414227
951	414228
953	102802
953	188031
953	336621
953	408109
953	436571
953	444876
955	157269
955	279707
955	328037
955	414805
955	465984
955	495127
958	89290
958	155944
958	214076
958	396212
958	458559
959	4161
959	120233
959	144776
959	171408
959	230873
959	420815
959	432266
959	544866
960	48506
960	80206
960	122291
960	259456
960	311212
962	122587
962	252810
962	491171
962	512595
962	526607
963	205729
963	365271
963	392326
964	117433
964	172122
964	189482
965	20362
965	79734
965	190026
965	310352
965	443178
965	474960
966	3095
966	35697
966	50103
966	109008
966	404917
966	478039
966	524931
967	189845
967	305802
967	541317
968	37149
968	63124
968	66938
968	98807
968	190264
968	255386
968	428917
970	11155
970	227189
970	283384
970	547318
970	548368
971	42623
971	45146
971	79478
971	332815
971	533991
972	154846
972	307271
973	232329
973	241652
973	313663
973	505902
974	112253
974	174132
974	193097
974	392113
974	505086
975	123382
975	327875
976	50326
976	62045
976	95846
976	116853
976	176802
976	230338
976	233258
976	237586
976	263733
976	282321
976	334391
976	419598
976	421494
976	471750
976	522501
976	524622
977	27286
977	70891
977	134602
977	152975
977	186796
977	190322
977	193162
977	481669
977	538725
981	67565
981	75972
981	149404
981	154264
981	159985
981	242795
981	255618
981	312512
981	336108
981	355703
981	378513
981	415443
981	423861
981	430058
981	482387
981	483559
981	487504
981	507212
981	507418
981	513018
981	521898
982	117853
982	295666
982	335089
985	2398
985	71834
985	77494
985	96767
985	119728
985	350252
986	38151
986	54193
986	77305
986	167792
986	195213
986	216653
986	310293
986	354041
986	391372
986	477301
987	97941
987	193869
989	298205
989	343541
989	373815
989	415344
991	226015
991	260781
991	365492
991	478744
991	539789
995	155853
995	452451
998	7379
998	108482
998	142662
998	269191
999	191193
999	332043
999	497297
1000	25471
1000	73851
1000	302196
1000	430408
1000	520277
1002	58695
1006	60585
1006	61850
1006	194918
1006	212667
1006	222990
1008	70758
1008	70950
1008	181711
1008	266051
1008	404540
1008	425568
1009	19978
1009	96240
1009	180601
1009	182785
1011	115444
1011	189230
1011	270841
1011	337096
1014	92369
1014	235874
1014	261873
1014	456129
1014	526637
1015	231400
1015	441874
1015	466135
1017	19706
1017	157941
1017	386370
1017	436706
1018	4169
1018	100514
1018	128004
1018	183038
1018	363821
1018	395483
1018	468158
1019	56606
1019	88173
1020	25100
1020	28298
1020	67710
1020	105051
1020	521034
1022	61799
1022	87544
1022	346332
1022	396509
1022	528497
1023	43527
1023	274094
1023	375200
1025	6183
1025	417667
1026	189172
1026	229504
1026	367887
1028	239203
1028	501792
1028	538219
1032	15787
1034	240355
1034	243449
1034	348968
1035	175721
1035	222977
1035	257419
1035	272295
1035	309496
1037	132783
1037	308132
1037	397075
1038	160320
1038	193514
1038	213478
1038	221547
1038	229706
1038	252171
1038	270226
1038	313751
1038	321108
1038	408095
1038	442210
1038	505487
1039	11526
1039	158295
1039	181158
1039	203406
1039	451397
1042	39193
1042	222480
1042	268447
1042	298963
1042	352269
1042	406342
1042	527322
1047	249526
1048	266810
1048	436100
1049	54252
1049	378647
1049	493924
1050	1052
1050	87246
1050	163393
1050	209893
1050	491348
1051	3040
1051	67710
1051	153931
1051	235626
1051	360096
1051	371945
1051	454324
1052	14753
1052	87246
1052	303615
1054	100090
1054	508983
1054	526572
1057	42360
1057	120384
1057	126437
1057	137588
1057	213004
1057	276696
1057	496785
1059	125739
1059	160376
1059	216634
1059	305137
1059	310905
1059	499585
1060	14753
1060	87246
1060	163393
1060	209893
1060	455054
1065	215617
1065	235862
1066	116873
1066	128787
1066	333321
1066	368758
1066	392735
1066	433808
1067	36189
1067	109593
1067	370611
1067	399623
1070	508202
1072	547345
1073	211675
1073	248374
1073	410705
1073	421406
1073	442186
1074	88745
1074	129082
1074	240379
1074	256737
1074	306482
1074	462514
1075	107650
1075	148149
1075	231523
1075	364741
1075	534264
1076	162746
1076	267042
1076	267092
1076	315037
1077	38017
1077	84529
1077	353199
1077	470019
1077	510302
1077	543644
1078	9081
1078	152132
1078	175619
1081	261846
1081	532658
1083	11753
1083	16945
1083	42213
1083	190905
1083	212525
1083	325198
1083	407699
1083	465778
1083	500598
1088	39196
1088	374895
1088	512149
1089	32098
1089	142052
1089	184766
1089	271036
1089	377673
1096	132677
1096	195620
1096	243915
1096	284980
1096	381458
1096	532021
1097	533005
1098	111523
1098	119686
1098	209917
1098	355774
1098	360562
1098	383276
1098	391207
1098	396831
1098	397866
1098	455562
1098	466645
1100	156995
1100	229230
1101	240221
1101	259051
1101	495415
1103	22231
1103	33459
1103	264924
1103	277419
1103	296492
1103	316236
1103	318676
1103	350048
1103	394277
1103	419139
1103	419418
1103	466220
1103	466541
1103	501208
1103	516587
1103	517109
1103	539897
1105	2511
1105	270233
1105	512492
1105	543788
1107	19031
1107	20078
1107	46028
1107	299941
1110	14309
1110	180623
1110	219033
1110	226903
1110	325846
1110	414252
1110	450273
1110	475098
1111	69147
1111	309192
1111	320131
1111	467292
1111	524994
1112	8504
1112	140389
1112	191789
1113	166185
1113	249096
1113	376754
1113	540964
1114	134479
1114	421604
1117	71861
1117	74824
1117	89385
1117	127754
1117	148930
1117	447084
1117	452120
1117	539623
1119	218812
1119	351742
1119	479211
1119	506824
1120	1123
1120	6789
1120	87166
1120	234979
1120	251135
1120	265681
1120	347305
1120	412941
1120	490619
1120	490620
1120	510495
1120	539848
1122	19634
1122	19695
1122	322744
1122	482935
1122	516686
1123	1125
1123	145916
1123	251135
1123	490620
1123	498937
1125	145897
1125	412941
1126	16836
1126	146606
1126	189192
1126	451171
1128	85399
1128	398590
1128	416730
1131	18099
1131	31214
1131	50199
1131	56860
1131	102278
1131	125970
1131	147133
1131	172306
1131	178630
1131	183194
1131	208636
1131	263931
1131	266353
1131	305807
1131	314219
1131	361496
1131	371505
1131	482292
1131	513264
1131	519463
1131	539646
1133	356007
1133	387621
1133	516568
1135	55510
1135	518892
1136	4140
1136	54989
1136	100292
1136	134337
1136	155079
1136	174909
1136	183938
1136	207910
1136	227020
1136	367855
1136	391297
1136	470377
1136	532619
1137	66035
1137	544234
1139	485626
1139	496665
1139	527813
1140	74454
1140	109106
1140	112253
1140	124991
1140	133384
1140	158273
1140	182358
1140	192933
1140	213190
1140	291382
1140	296238
1140	339350
1140	379477
1140	389052
1140	399022
1140	442557
1140	470105
1140	481261
1140	541791
1141	246781
1141	393822
1141	514873
1143	95565
1143	120153
1143	162498
1143	169833
1143	353666
1143	508358
1144	109725
1144	159256
1144	162608
1144	393523
1144	544884
1147	99090
1147	297491
1147	375952
1147	446631
1147	477216
1148	33918
1148	37121
1148	98817
1148	249186
1151	16613
1151	40575
1151	58022
1151	59997
1151	84863
1151	109379
1151	110533
1151	110534
1151	174765
1151	190015
1151	216470
1151	221837
1151	272696
1151	307016
1151	349200
1151	353587
1151	384935
1151	389764
1151	395378
1151	504682
1151	518095
1153	65481
1153	374326
1156	45999
1156	183625
1156	212542
1156	392080
1157	400107
1157	400696
1158	111162
1158	342237
1158	343971
1158	392000
1159	18547
1159	446049
1159	537808
1160	36139
1160	85507
1160	247770
1160	520949
1162	11317
1162	14116
1162	77523
1162	126832
1162	142208
1162	192192
1162	202356
1162	228696
1162	228699
1162	239112
1162	298948
1162	318741
1162	365978
1162	378637
1162	378640
1162	411949
1162	422748
1162	499365
1162	525075
1163	15433
1163	36150
1163	263773
1163	482044
1164	52705
1164	123137
1164	232111
1164	413736
1164	517097
1165	87174
1165	220967
1165	244004
1165	335281
1165	359489
1166	260480
1166	328967
1166	328973
1166	328975
1166	383699
1167	36151
1167	457970
1167	532770
1169	92863
1169	348031
1169	398910
1169	432900
1169	433602
1170	21218
1170	85497
1170	89812
1170	142211
1170	249349
1170	307419
1170	430801
1172	14989
1172	57907
1172	85129
1172	86721
1172	94301
1172	113502
1172	141004
1172	164177
1172	215851
1172	234391
1172	319012
1172	344051
1172	453107
1172	480959
1172	522828
1172	524044
1172	540928
1173	167203
1173	239170
1175	15426
1175	61064
1175	188902
1175	536049
1177	118451
1177	224493
1177	298945
1177	545235
1178	23969
1178	110049
1178	169883
1178	274638
1178	329562
1178	505357
1179	116532
1179	160590
1179	421670
1179	506979
1180	29608
1180	283906
1180	347550
1181	63097
1181	85517
1181	155094
1181	419722
1183	19958
1183	91819
1183	192245
1183	192255
1183	222964
1183	233147
1183	247769
1183	536666
1183	543488
1184	218586
1184	316035
1184	369374
1184	410653
1186	5213
1186	62315
1186	112576
1186	155552
1186	339231
1186	382603
1188	153812
1188	336662
1188	353435
1188	391692
1188	423291
1189	124391
1189	455645
1192	2939
1192	23250
1192	244294
1192	252480
1192	302103
1192	475256
1192	499304
1192	540221
1192	542166
1200	152589
1200	189124
1200	226140
1200	256580
1200	330293
1200	354088
1200	354565
1201	4047
1201	11530
1201	113376
1201	122619
1201	126609
1201	426121
1203	155944
1203	165318
1203	171420
1203	254566
1203	281662
1203	384406
1203	395467
1203	478274
1204	472048
1205	44677
1205	81463
1205	248741
1205	311243
1206	24009
1206	89241
1206	240193
1206	356814
1206	469570
1208	398680
1208	442250
1208	516446
1210	2652
1210	75495
1210	108160
1210	437391
1210	453989
1211	6892
1212	29543
1212	39802
1212	45058
1212	50752
1212	56011
1212	89363
1212	104166
1212	214598
1212	253080
1212	254941
1212	259487
1212	298205
1212	314511
1212	319477
1212	374904
1212	392863
1212	396815
1212	423217
1212	427637
1212	432662
1212	456684
1212	464836
1212	482928
1212	484543
1212	488385
1212	505586
1212	516151
1212	519368
1212	535694
1212	542670
1213	10909
1213	13094
1213	27648
1213	93444
1213	93598
1213	152442
1213	161801
1213	212795
1213	319154
1213	354265
1213	365263
1213	454207
1213	466702
1213	500375
1214	5637
1214	65686
1214	383780
1218	5877
1218	15416
1218	64523
1218	222978
1218	296900
1218	296904
1218	296960
1218	390245
1218	390247
1218	450954
1218	457948
1218	482034
1220	71798
1220	74188
1220	307834
1220	539603
1221	162462
1221	349504
1221	414557
1223	9171
1223	11914
1223	18250
1223	85554
1223	88183
1223	177351
1223	197716
1223	206098
1223	251808
1223	259152
1223	270690
1223	281808
1223	336419
1223	409741
1223	425815
1223	427184
1223	477328
1223	486715
1223	514366
1224	80988
1224	343655
1224	529282
1226	42466
1226	272730
1226	358049
1227	91749
1227	129165
1227	219710
1227	458443
1232	32882
1232	364411
1232	385833
1232	408315
1232	507809
1235	120209
1235	289043
1237	223464
1239	39262
1239	136481
1239	263594
1239	425616
1239	521599
1240	102505
1240	240852
1240	409249
1240	441267
1242	214674
1242	291117
1242	330126
1242	347906
1242	453323
1242	462671
1242	472258
1242	505333
1245	123503
1245	147999
1245	341222
1245	349248
1245	442079
1245	466364
1246	25834
1246	383937
1246	451155
1246	476097
1246	506183
1249	191579
1249	254774
1249	327227
1249	385238
1249	415602
1249	459816
1249	464399
1249	517020
1250	103586
1250	161930
1250	173333
1250	221228
1250	232385
1250	324907
1250	495158
1250	519527
1251	25150
1251	87197
1251	368436
1251	428752
1251	474285
1252	182257
1252	310354
1252	315830
1252	429213
1252	516262
1255	81517
1255	214824
1255	372793
1255	473152
1255	524958
1261	166298
1261	221777
1262	35689
1262	180776
1262	233039
1263	109200
1263	414264
1263	425819
1268	196869
1268	219275
1268	368446
1268	449182
1269	82875
1269	156151
1269	198061
1269	246838
1269	248743
1269	292898
1269	408086
1269	445208
1269	485156
1269	485424
1269	502458
1272	240180
1272	415212
1272	545243
1272	546639
1273	258917
1273	443753
1273	444528
1273	458497
1273	503831
1273	509056
1274	33942
1274	277886
1274	416936
1275	81116
1275	260616
1275	484089
1277	119338
1277	125868
1277	148864
1277	204437
1277	520182
1277	535506
1277	547452
1277	548321
1278	32000
1278	56466
1278	56468
1278	161254
1278	537349
1278	542314
1278	543897
1279	87682
1279	235000
1279	378142
1279	424537
1280	509775
1280	518787
1280	528883
1282	9834
1282	479298
1283	48964
1283	165815
1283	542757
1284	9834
1285	236866
1285	286057
1285	542769
1285	545374
1287	7940
1287	22659
1287	48964
1287	57962
1287	165815
1287	200796
1287	201629
1287	201630
1287	221628
1287	542757
1287	543070
1288	1293
1288	32468
1288	34208
1288	89289
1288	107295
1288	176366
1288	232024
1288	340058
1288	356213
1288	391856
1288	547165
1290	54437
1290	54589
1290	98611
1290	149653
1290	152177
1290	161274
1290	168232
1290	255176
1290	260646
1290	271590
1290	303102
1290	319809
1290	351597
1290	387493
1290	395326
1290	430462
1290	464131
1290	543724
1290	544463
1290	545421
1291	167031
1291	298163
1293	32468
1293	86226
1293	257344
1293	409701
1293	546260
1293	547477
1295	419070
1295	427342
1295	534721
1298	47919
1298	59225
1298	66182
1298	96787
1298	117189
1298	196318
1298	278180
1298	296806
1298	456873
1299	32908
1299	423494
1299	462512
1299	488960
1302	145895
1302	174073
1302	215114
1302	238500
1302	275298
1302	381047
1302	408610
1302	457665
1302	458358
1302	468154
1302	468762
1302	491463
1304	101747
1304	153773
1304	156158
1304	189803
1304	192296
1304	210047
1304	342527
1304	384632
1306	192053
1307	367404
1308	38254
1308	115410
1308	279426
1308	333599
1309	295870
1309	304035
1309	333605
1309	345575
1309	426801
1309	512371
1310	30260
1310	79793
1310	172652
1310	227635
1310	545059
1311	73245
1311	221919
1311	336218
1311	383302
1311	413637
1312	12389
1312	200650
1312	545271
1312	547782
1314	317965
1314	345064
1314	533858
1315	46256
1315	52821
1315	127343
1315	170744
1315	234134
1315	249744
1315	255892
1315	310950
1315	322309
1315	366959
1315	387357
1315	468947
1315	522248
1315	535784
1316	252559
1316	297488
1316	310116
1316	388477
1316	466763
1316	467460
1316	531043
1316	540750
1318	180577
1318	210618
1318	339791
1319	39330
1319	156839
1319	484840
1322	4487
1322	27273
1322	59899
1322	66426
1322	103662
1322	154772
1322	163821
1322	196410
1322	218300
1322	226232
1322	264050
1322	265114
1322	311407
1322	320097
1322	326142
1322	347091
1322	351180
1322	352049
1322	361985
1322	363026
1322	401650
1322	424691
1322	441212
1322	449378
1322	486477
1322	501092
1323	133350
1323	203754
1323	421992
1323	491599
1323	523921
1324	238473
1324	384567
1325	31281
1325	55598
1325	112333
1325	205259
1325	267814
1325	331686
1325	374096
1325	408862
1325	520972
1325	524907
1328	51312
1328	59633
1328	131072
1328	305199
1328	357257
1329	37417
1329	52258
1329	121990
1329	198165
1329	235820
1329	260517
1329	284308
1329	404225
1329	426760
1329	496666
1330	42298
1330	230235
1330	414733
1330	486203
1331	1524
1331	165773
1331	257461
1331	266105
1332	165773
1332	288228
1332	502424
1333	185690
1333	260415
1333	302838
1333	427903
1333	431146
1334	141840
1334	155838
1334	251251
1334	255860
1335	20125
1335	173112
1335	362935
1335	497386
1336	162895
1336	217503
1336	429238
1336	502617
1337	103666
1337	398028
1338	24133
1338	40905
1338	69175
1338	85402
1338	217093
1338	227548
1338	236029
1338	309726
1338	330096
1338	370482
1338	385697
1338	398786
1338	420270
1339	211179
1340	59832
1340	205148
1342	364615
1344	65349
1344	236910
1344	378155
1344	458058
1344	489737
1346	55418
1346	67020
1346	84172
1346	88122
1346	152556
1346	188204
1346	201584
1346	248475
1346	301602
1346	304345
1346	343853
1346	488326
1346	505223
1346	518207
1346	518778
1346	521413
1348	178646
1348	385904
1348	432316
1349	152819
1349	532554
1351	251799
1352	120350
1352	153079
1352	170005
1352	246246
1352	315404
1352	422815
1352	440921
1352	522667
1354	63692
1354	109462
1354	181712
1354	291324
1354	395183
1355	336379
1356	27325
1356	317949
1356	484870
1356	516533
1357	130172
1357	219348
1357	235940
1357	354766
1358	207877
1358	300437
1358	375447
1358	378352
1358	518844
1359	200354
1359	355325
1362	149619
1362	228266
1362	544463
1362	546283
1362	546431
1367	40760
1367	262501
1367	391836
1367	469483
1370	6449
1370	21209
1370	399944
1370	434781
1370	462375
1371	3771
1371	13831
1371	25904
1371	29402
1371	42765
1371	43861
1371	46287
1371	72799
1371	115076
1371	231639
1371	329127
1371	339427
1371	349011
1371	358979
1371	376316
1371	438638
1372	11326
1372	51908
1372	72556
1372	109498
1372	321973
1375	41462
1376	5858
1376	64348
1376	69437
1376	156286
1376	322492
1376	334613
1376	346649
1376	429703
1376	444815
1376	480993
1376	484670
1377	24172
1377	95603
1377	149348
1377	199348
1377	422442
1379	148309
1379	534677
1380	66732
1380	84908
1380	98710
1380	150402
1380	210261
1380	212784
1382	395435
1382	521383
1383	34798
1383	46485
1383	72723
1383	102261
1383	236366
1383	427112
1383	432277
1383	458536
1386	465610
1391	11568
1391	28954
1391	326335
1391	331914
1391	450911
1391	452344
1391	501163
1391	504138
1393	36928
1393	53066
1393	55498
1393	58339
1393	63542
1393	92349
1393	113870
1393	157025
1393	160250
1393	190725
1393	192710
1393	198591
1393	238206
1393	243155
1393	260355
1393	263933
1393	304278
1393	328746
1393	359796
1393	399939
1393	401863
1393	449095
1393	449818
1393	487407
1393	500403
1393	515269
1393	520066
1393	525655
1394	225107
1394	233827
1394	259158
1394	351319
1394	376763
1394	474418
1398	1409
1398	97966
1398	134077
1398	138927
1398	324524
1399	163441
1399	289798
1399	331135
1401	293388
1401	339078
1401	420367
1401	495758
1401	526224
1402	191694
1402	381576
1402	405754
1403	142501
1403	243334
1403	328378
1403	341834
1403	453345
1403	535789
1404	138208
1404	399974
1404	449736
1405	266586
1405	472145
1407	68766
1407	269026
1407	537635
1407	539684
1408	48457
1408	67446
1408	229894
1408	331964
1408	440771
1408	506207
1409	97966
1409	157675
1413	347640
1413	364651
1413	470450
1414	14137
1414	17422
1414	113037
1414	371112
1414	518098
1415	32122
1415	68185
1415	124186
1415	168649
1415	196806
1415	273553
1415	287226
1415	327709
1415	366635
1415	380529
1415	414488
1415	427429
1415	458028
1415	468761
1415	474319
1415	487145
1418	418315
1418	470281
1418	481232
1419	328919
1419	456092
1419	499548
1420	6957
1420	79328
1420	83230
1420	142243
1420	223777
1420	447735
1421	255341
1421	277731
1421	525649
1422	76632
1423	169417
1423	198920
1423	200847
1423	206937
1423	258719
1423	369883
1425	46485
1425	95217
1425	95222
1426	5368
1426	81481
1426	144246
1426	389661
1426	540975
1427	82619
1427	158958
1427	158959
1427	236839
1427	424418
1430	50987
1430	82469
1430	100912
1430	125498
1430	126952
1430	181542
1430	235125
1430	245968
1430	254631
1430	419807
1430	500500
1433	185979
1433	266636
1433	291118
1437	47317
1437	210694
1437	235522
1437	263543
1437	448135
1437	454104
1438	193061
1438	247598
1438	417254
1438	528506
1439	79709
1439	156327
1439	171978
1439	298462
1440	39653
1440	139918
1440	237415
1440	477098
1440	503709
1440	522224
1441	22933
1441	24225
1441	74569
1441	81096
1441	84878
1441	98646
1441	103758
1441	147589
1441	183242
1441	200497
1441	201947
1441	234148
1441	265098
1441	298014
1441	312709
1441	332400
1441	337397
1441	341541
1441	352521
1441	361645
1441	369324
1441	379440
1441	388102
1441	399302
1441	409280
1441	409667
1441	412503
1441	420917
1441	425668
1441	457430
1441	489052
1441	535296
1441	535336
1442	12170
1442	40128
1442	55909
1442	70341
1442	95221
1442	212258
1442	239509
1442	293580
1442	366200
1442	516644
1442	517025
1443	91421
1443	110067
1443	247797
1443	344665
1444	24125
1444	358862
1444	375851
1444	387558
1446	44186
1446	216357
1447	133716
1447	234710
1447	279012
1447	295408
1447	406102
1448	22618
1448	61217
1448	116148
1448	138487
1448	312086
1450	33942
1450	277886
1450	416936
1451	135997
1451	341228
1452	238779
1452	261030
1452	300322
1452	490952
1452	497729
1453	538592
1454	47660
1454	366797
1455	256707
1455	374763
1455	442347
1456	44461
1456	174462
1456	186102
1456	188706
1456	242274
1456	244936
1456	298494
1456	363865
1456	469105
1457	4596
1457	18489
1457	25769
1457	80630
1457	125365
1457	131706
1457	145550
1457	178113
1457	181892
1457	184678
1457	188041
1457	214516
1457	221758
1457	221810
1457	254401
1457	276751
1457	280431
1457	336977
1457	359473
1457	389377
1457	393252
1457	436846
1457	444083
1457	468285
1457	479212
1461	35400
1461	44358
1461	123381
1461	194384
1461	224024
1461	314231
1461	435813
1461	489875
1462	112461
1462	357946
1464	448104
1465	246291
1468	38581
1468	63176
1468	74862
1468	261319
1469	4225
1469	73637
1469	292431
1469	327288
1469	353098
1469	466417
1469	481413
1471	315207
1472	69979
1472	90027
1472	143265
1472	462313
1472	486922
1473	262208
1473	423871
1474	34408
1474	134814
1474	289289
1474	292336
1474	527580
1475	113198
1475	124674
1475	157196
1475	269928
1475	270353
1475	379515
1476	132938
1476	149529
1476	276692
1476	375146
1476	393252
1477	195815
1477	200884
1477	263003
1478	20137
1478	130486
1483	84155
1483	312570
1483	457077
1484	50250
1484	288042
1484	295400
1484	301209
1484	540860
1486	132136
1486	195394
1486	229143
1486	320313
1486	534025
1488	75497
1488	90236
1488	162518
1488	333104
1488	427013
1488	467095
1488	479078
1488	492513
1489	237314
1489	321924
1489	500814
1490	77341
1490	199772
1490	529172
1491	54924
1491	113723
1491	211481
1491	544529
1492	235616
1493	119380
1493	129893
1493	175361
1494	69813
1494	109896
1494	193697
1494	222228
1494	234859
1494	390999
1494	485034
1494	541010
1497	54174
1497	74521
1497	175935
1497	213463
1497	425471
1497	454530
1497	489907
1498	210679
1498	235632
1498	374404
1498	446081
1498	515951
1500	31980
1500	130542
1500	180569
1500	331200
1500	524027
1501	30792
1501	95292
1501	132269
1501	281851
1501	389169
1501	461136
1501	462226
1501	533513
1502	169425
1502	391406
1502	482036
1503	243416
1503	301176
1503	390254
1504	59460
1504	70755
1504	144201
1504	267891
1504	419096
1504	544209
1504	547757
1504	548179
1505	53006
1505	90794
1505	91628
1505	95081
1505	101396
1505	131247
1505	162769
1505	164891
1505	194824
1505	239215
1505	305134
1505	361284
1505	388159
1505	394660
1505	415409
1505	425567
1505	443269
1505	489153
1505	531191
1506	14490
1506	137943
1506	389227
1506	513824
1507	15285
1507	32048
1507	41524
1507	89429
1507	394618
1507	442341
1507	515910
1509	347501
1509	512947
1511	158651
1511	174053
1511	337287
1511	349177
1511	373286
1511	397179
1511	413468
1512	324517
1512	444087
1514	35479
1514	70995
1514	120506
1514	209274
1514	257064
1514	259027
1514	283461
1514	287938
1514	376213
1514	442293
1514	446999
1514	466583
1514	491014
1515	9070
1515	141270
1515	183122
1515	358363
1516	45237
1516	144820
1516	208602
1516	277300
1516	302750
1516	428741
1516	453439
1516	525299
1518	112307
1518	195029
1518	501257
1518	535371
1519	65426
1519	101235
1519	259064
1519	323951
1519	355881
1519	410588
1520	1533
1520	255858
1520	255860
1520	255863
1520	255921
1520	255922
1520	350270
1520	491023
1522	86605
1522	94739
1522	157735
1522	161798
1522	191844
1522	217501
1522	231230
1522	311063
1522	332389
1522	457212
1523	48217
1523	52839
1523	138850
1523	408221
1523	425336
1524	1526
1524	165773
1524	266105
1524	422576
1524	464008
1524	516159
1524	520724
1524	522211
1526	15426
1526	16654
1529	132304
1529	333901
1529	358142
1530	184851
1530	214549
1530	268760
1530	423870
1530	524043
1532	63595
1532	83188
1532	492281
1532	523275
1533	125160
1533	207721
1533	241555
1533	255858
1533	255860
1533	255863
1533	255922
1533	359577
1533	359588
1533	419109
1533	491023
1536	179223
1536	274237
1536	440918
1537	13167
1537	313864
1537	343932
1537	388383
1537	519048
1541	92883
1541	401913
1541	455759
1542	64254
1542	166298
1542	167327
1542	495281
1546	83665
1546	353730
1546	510554
1547	45292
1547	45295
1547	53978
1547	60658
1547	93915
1547	103117
1547	103118
1547	103120
1547	120328
1547	227539
1547	351390
1547	484333
1547	504033
1547	536934
1548	31930
1548	54253
1548	79154
1548	98716
1548	124663
1548	158480
1548	233362
1548	305738
1548	361581
1548	429098
1548	492906
1548	503080
1548	520123
1550	137948
1550	219942
1550	337669
1550	389182
1550	461129
1553	62876
1553	151275
1553	235574
1553	313521
1555	39709
1555	55751
1555	76802
1555	248991
1555	421112
1555	433121
1555	478188
1555	502948
1558	66235
1558	212424
1558	514992
1559	75340
1559	208199
1559	371344
1559	502130
1559	537589
1560	37278
1560	374686
1560	478632
1560	521070
1561	121905
1561	262072
1562	240020
1563	8240
1563	48369
1563	222257
1563	321471
1563	532713
1564	176316
1564	259469
1564	297032
1564	305569
1566	65589
1566	129921
1566	172181
1566	183322
1566	300391
1566	387523
1566	407167
1566	482899
1566	515468
1568	59721
1568	165963
1568	263874
1568	333852
1568	336098
1568	464789
1571	54174
1571	142123
1571	225097
1571	290253
1571	483426
1571	512180
1575	89135
1580	126169
1580	128518
1580	285036
1580	542229
1580	542909
1580	545550
1582	224447
1582	227029
1582	254736
1582	392978
1582	537936
1585	148532
1585	300111
1585	335171
1585	481957
1588	1598
1588	124446
1588	208864
1589	461107
1591	10489
1591	150886
1591	161171
1591	248360
1591	270753
1593	4425
1593	18123
1593	31289
1593	33101
1593	49916
1593	50735
1593	53002
1593	53485
1593	68863
1593	70571
1593	74417
1593	113335
1593	188268
1593	188271
1593	197521
1593	200481
1593	202871
1593	217914
1593	227191
1593	238446
1593	245490
1593	246104
1593	251166
1593	255485
1593	263221
1593	270631
1593	273724
1593	274172
1593	281709
1593	312293
1593	319885
1593	320564
1593	334836
1593	343885
1593	363275
1593	364100
1593	367808
1593	380837
1593	382264
1593	382964
1593	384361
1593	386769
1593	392890
1593	393381
1593	393423
1593	400731
1593	405316
1593	409810
1593	413283
1593	430639
1593	431100
1593	443969
1593	444808
1593	455645
1593	462948
1593	476412
1593	482382
1593	485688
1593	497528
1593	501085
1593	504595
1593	506155
1593	516265
1593	520588
1593	526112
1593	530741
1595	339363
1595	524278
1595	536143
1596	4079
1596	123010
1596	215708
1596	471572
1596	480515
1596	498366
1598	9599
1598	24342
1598	124446
1598	516684
1599	50518
1599	78788
1599	99104
1599	269617
1600	54033
1600	145305
1600	498926
1602	330542
1602	382058
1602	417272
1602	425507
1603	350863
1603	503237
1604	88141
1604	170510
1608	87327
1608	135911
1608	226921
1608	403072
1608	495006
1608	534925
1609	127001
1609	176785
1609	187699
1609	315496
1611	149675
1611	248455
1611	384956
1611	529262
1612	87326
1612	124898
1612	134205
1612	134220
1612	282207
1612	335225
1613	159019
1613	255733
1613	370882
1613	446163
1613	487273
1613	526268
1614	9825
1614	111691
1614	155970
1614	167285
1614	201172
1614	336941
1614	507605
1614	532173
1615	3857
1615	47534
1615	75831
1615	451412
1615	467545
1615	536877
1616	349769
1618	136867
1618	504054
1618	526959
1619	78096
1619	151229
1619	204326
1619	229980
1619	298094
1619	464047
1619	529997
1620	16639
1620	257936
1620	328847
1620	538672
1623	81021
1623	81023
1623	419820
1623	493373
1623	501287
1623	521361
1624	99661
1624	358547
1625	35416
1625	37850
1625	83382
1625	186332
1625	208490
1625	218560
1625	234781
1625	545568
1627	38792
1627	271806
1629	110276
1629	544489
1629	547038
1629	547353
1629	548225
1631	44839
1631	77598
1631	81928
1631	85121
1631	85755
1631	149867
1631	152183
1631	173271
1631	185087
1631	216572
1631	228838
1631	279351
1631	302528
1631	403944
1631	503588
1631	544204
1631	544489
1631	544656
1631	546172
1631	546572
1631	547353
1633	544504
1633	545231
1635	374612
1635	544338
1635	545843
1637	1640
1637	261662
1637	544403
1637	546961
1637	546964
1638	97222
1638	424444
1639	229515
1639	547527
1639	548255
1640	261662
1640	544403
1640	546961
1640	546964
1641	96981
1641	270541
1644	66858
1644	126764
1644	143530
1644	160455
1644	201377
1644	239414
1644	245211
1644	248569
1644	270048
1644	282345
1644	310162
1644	319702
1644	328084
1644	342398
1644	430765
1644	445349
1644	449828
1645	359709
1645	392473
1647	21308
1647	251225
1648	61910
1648	84690
1648	290320
1648	452968
1648	456466
1648	466347
1649	172816
1649	242851
1651	109380
1651	173898
1651	218658
1651	234426
1651	402970
1652	37310
1652	454722
1653	274650
1653	306112
1653	307592
1653	350184
1654	177432
1654	201184
1654	544521
1654	544676
1654	547166
1655	155421
1655	179798
1655	369267
1656	286272
1656	321378
1658	124259
1658	355252
1658	358378
1658	389404
1658	406335
1658	445627
1658	461954
1658	465330
1658	502029
1658	515637
1658	519486
1659	51899
1659	108189
1659	121345
1659	178033
1659	255544
1659	333577
1659	476694
1659	516074
1661	455125
1661	466745
1661	526502
1662	77010
1662	91643
1662	274667
1662	475644
1662	505329
1663	177209
1663	530694
1664	124404
1664	135354
1664	430454
1664	491774
1664	527520
1664	531584
1665	207906
1665	296066
1665	298090
1665	332273
1665	382415
1665	391731
1665	500851
1667	28186
1667	304185
1667	369771
1667	401711
1670	8719
1671	165992
1671	249061
1671	341656
1671	407048
1672	159019
1672	469121
1672	469123
1672	526268
1673	256423
1673	294337
1673	333998
1673	341455
1673	367968
1673	442068
1674	138510
1674	153500
1674	173795
1674	252386
1674	270160
1677	545997
1677	546104
1677	547666
1678	355702
1678	545150
1678	546778
1678	547072
1679	1681
1679	80594
1679	280564
1679	287237
1679	289107
1679	316873
1679	316877
1679	452514
1679	485939
1679	531725
1679	545594
1679	546965
1681	36380
1681	231613
1681	280564
1681	533195
1681	545594
1682	247983
1682	536514
1683	119525
1683	119554
1683	292889
1684	186332
1684	208490
1684	217587
1684	218560
1684	445394
1684	514802
1684	542933
1684	543270
1685	15276
1685	17988
1685	104423
1685	109406
1687	15275
1687	15276
1687	17988
1687	17990
1687	92536
1687	104423
1687	109401
1687	109406
1687	177272
1687	178141
1687	193269
1687	262488
1687	397240
1687	467164
1687	544201
1689	59937
1689	231861
1689	428968
1692	124823
1692	180926
1692	342577
1692	489798
1694	185862
1694	383937
1694	398598
1694	441641
1694	487433
1695	15532
1695	135661
1695	423323
1695	465185
1696	167854
1697	23721
1697	91798
1697	182908
1697	398240
1698	75249
1698	134450
1698	166473
1698	435300
1698	453128
1700	18246
1700	29849
1700	261147
1700	270055
1700	385496
1703	109162
1703	178228
1703	486617
1703	495610
1704	64059
1704	164581
1704	298291
1704	379721
1704	395190
1705	12668
1705	187247
1705	400817
1705	467884
1705	539772
1709	21846
1711	45371
1711	140804
1711	232101
1711	247786
1711	341621
1711	417447
1711	429315
1711	439519
1711	511716
1714	2086
1714	34194
1714	118543
1714	121924
1714	182380
1714	182796
1714	188928
1714	230071
1714	240183
1714	265468
1714	284978
1714	508091
1714	533150
1716	100095
1716	100676
1716	375753
1717	82262
1717	146996
1717	197665
1717	528360
1717	535564
1719	131051
1719	369847
1719	388075
1719	531598
1720	65710
1720	79085
1720	85603
1720	103158
1720	306677
1720	413954
1720	459459
1720	527836
1721	165427
1721	202158
1721	524483
1721	525977
1721	535026
1722	154546
1722	547684
1723	19243
1723	224023
1723	281707
1723	378952
1724	349534
1724	387191
1724	520621
1725	175172
1725	202158
1728	66446
1728	104900
1728	276064
1731	62742
1731	81505
1731	101391
1731	214025
1731	283925
1731	481428
1732	124708
1732	160095
1732	275735
1732	321278
1733	8047
1733	69693
1733	177039
1733	222074
1733	449404
1735	173923
1735	448348
1736	71218
1736	180304
1736	538829
1738	52645
1738	174001
1740	80046
1740	178823
1740	181991
1740	183483
1740	295952
1740	377488
1740	378755
1740	384617
1740	394226
1740	433238
1740	470431
1741	43422
1741	158544
1741	161308
1741	179436
1741	235502
1741	465072
1745	16667
1745	222068
1745	400896
1745	524131
1747	181557
1747	310905
1747	361665
1747	431406
1747	476038
1749	10343
1749	281007
1749	353193
1750	171819
1750	293241
1750	341346
1750	376280
1750	491261
1751	22457
1751	63687
1751	136018
1751	312416
1751	327870
1751	399494
1751	515566
1751	527933
1751	542649
1752	24240
1752	67114
1752	67876
1752	90821
1752	100345
1752	114748
1752	141975
1752	191202
1752	200358
1752	209149
1752	273949
1752	293418
1752	385500
1752	389619
1754	260774
1754	322393
1754	540818
1755	191829
1755	205654
1755	399513
1756	9720
1756	73564
1756	230053
1756	255389
1756	279019
1756	371972
1756	477429
1756	509907
1758	24694
1758	81958
1758	209023
1758	213422
1761	107649
1761	142480
1761	150641
1761	545340
1761	546099
1762	168295
1762	212917
1762	213128
1762	309915
1768	20419
1768	66333
1768	159305
1773	349018
1773	458357
1775	168029
1775	324175
1776	159988
1776	194944
1776	321831
1776	371067
1776	399039
1776	446503
1776	518125
1776	518984
1776	533437
1781	167061
1781	354783
1782	221358
1783	45502
1784	101237
1784	136256
1785	82438
1785	133036
1785	182179
1785	397379
1785	399589
1785	468945
1786	277774
1786	351246
1787	466877
1788	45926
1788	88692
1788	113844
1788	141847
1788	160470
1788	396131
1788	418631
1788	454265
1788	544009
1788	546602
1791	192490
1791	378845
1793	22426
1793	483612
1793	494166
1795	84543
1795	132590
1795	373308
1795	419992
1795	538696
1796	53047
1796	115704
1796	145851
1796	149345
1796	204118
1796	285575
1796	350276
1796	514971
1796	547737
1797	49003
1797	84346
1797	85415
1797	112573
1797	170339
1797	200204
1797	216324
1797	226047
1797	258182
1797	269999
1797	311817
1797	396491
1797	433538
1797	442618
1797	445160
1797	448603
1797	476581
1798	67432
1798	126726
1798	165369
1798	215518
1798	218586
1798	468568
1800	109721
1800	247179
1800	337457
1800	412988
1801	4042
1801	337996
1803	212695
1803	233135
1803	463799
1803	537139
1803	540448
1804	124721
1804	268128
1804	519224
1805	139385
1805	250225
1806	35472
1806	49243
1806	49268
1806	158841
1806	164686
1806	321497
1806	376498
1806	393054
1806	528993
1807	330441
1808	142620
1808	149253
1808	507844
1809	117078
1814	285028
1814	330468
1814	360522
1814	371740
1814	481626
1817	237718
1817	280625
1817	359059
1817	468669
1819	98756
1819	383052
1820	135942
1820	160700
1820	167642
1820	185834
1820	206265
1820	233088
1820	394137
1820	477808
1820	516947
1820	537745
1821	11615
1821	106804
1821	275630
1821	532281
1822	164421
1822	262908
1822	285611
1822	386841
1823	254681
1823	462116
1825	119317
1825	166280
1825	268116
1825	433766
1825	474234
1827	10040
1827	276363
1827	285680
1827	450351
1829	46010
1829	76613
1829	107852
1829	120109
1829	120171
1829	172757
1829	181591
1829	197732
1829	210619
1829	225759
1829	252185
1829	275041
1829	292404
1829	299409
1829	322666
1829	339469
1829	370917
1829	414645
1829	436738
1829	455258
1829	462427
1829	469775
1829	489962
1829	507071
1830	24565
1831	223276
1831	301257
1831	425502
1831	485452
1832	15332
1832	69298
1832	132936
1832	193745
1832	225771
1832	283611
1836	43740
1836	47535
1836	138140
1836	140641
1836	160602
1836	274434
1836	292216
1836	301700
1836	359472
1836	421409
1836	433512
1836	447653
1836	492659
1836	514371
1836	533181
1836	542926
1838	72321
1838	138459
1838	143712
1838	164034
1838	228272
1838	450259
1839	72263
1839	531483
1841	58900
1841	365870
1841	420862
1841	444762
1841	472228
1842	50835
1842	61588
1842	87226
1842	159604
1842	445311
1843	43223
1843	80701
1843	125480
1843	193881
1843	223008
1843	272682
1843	283588
1843	295895
1843	333110
1843	380932
1843	382315
1843	386373
1843	425649
1843	443649
1843	458358
1843	467591
1843	486056
1843	505255
1843	505265
1844	66797
1844	117151
1844	132653
1844	302565
1844	434963
1844	480043
1845	357018
1846	296592
1846	394254
1846	417422
1846	465552
1846	472888
1849	222348
1849	334835
1850	165437
1850	270494
1851	27122
1851	40639
1851	43941
1851	88904
1851	124785
1851	141782
1851	149446
1851	224858
1851	323660
1851	426909
1851	445604
1851	465911
1851	529688
1851	530259
1852	271729
1852	494474
1852	509197
1852	522657
1853	138983
1853	189748
1853	251483
1853	504900
1857	46779
1857	102748
1857	145876
1857	165557
1857	218099
1857	381525
1857	474897
1858	58791
1858	137948
1858	143758
1858	153039
1858	238110
1858	257189
1858	326915
1858	344726
1858	495201
1859	6373
1859	14571
1859	143320
1861	85876
1861	107236
1861	327815
1864	66113
1864	80709
1864	91542
1864	121194
1864	268749
1864	271899
1864	442885
1865	20721
1865	101324
1865	114505
1865	162381
1865	484744
1867	160109
1867	369884
1867	369908
1867	522105
1870	32262
1870	42122
1870	155018
1870	281796
1870	309059
1870	379431
1870	419042
1870	492789
1871	1884
1871	20280
1871	57432
1871	65930
1871	149441
1871	384507
1871	421580
1872	30562
1872	89325
1872	300768
1872	374435
1872	449838
1873	304489
1873	349195
1873	441009
1874	30202
1874	43634
1874	128372
1874	241991
1875	308631
1875	364287
1875	454785
1875	506614
1875	534970
1875	548091
1878	55453
1878	60439
1878	73430
1878	168723
1878	179290
1878	308206
1878	359679
1878	435636
1880	34864
1880	271815
1881	250587
1881	485026
1881	545303
1881	545554
1882	63164
1882	361656
1882	523256
1883	371984
1883	380219
1883	512596
1884	20280
1884	57432
1884	149441
1884	384507
1884	421580
1884	527425
1885	24601
1885	37714
1885	100823
1886	54122
1886	306602
1886	323174
1886	362813
1886	448301
1886	520741
1886	526239
1887	17814
1887	352421
1887	536147
1895	46800
1895	111853
1895	302420
1897	472825
1897	479057
1897	483682
1898	28776
1899	140250
1899	387029
1899	411933
1899	449348
1899	465213
1902	415358
1902	516336
1903	3026
1903	466063
1904	96251
1904	145350
1904	267090
1904	291489
1904	375987
1907	74515
1907	519998
1908	48844
1909	59601
1909	194743
1909	322228
1910	116395
1910	117051
1910	269135
1910	526474
1911	231174
1911	361615
1911	416656
1911	491345
1911	535272
1912	135640
1912	452782
1913	8916
1913	147123
1913	190983
1913	382065
1918	163195
1918	303374
1918	342985
1918	467057
1918	503866
1919	126026
1919	136182
1919	270494
1920	236887
1920	244201
1920	266553
1920	402202
1920	469152
1920	476783
1921	10960
1921	133460
1921	229776
1921	284917
1921	331833
1921	370814
1921	406890
1921	408571
1922	48217
1922	286757
1922	316707
1922	484861
1922	522725
1923	13538
1923	21969
1923	97881
1923	118578
1923	150660
1923	192625
1923	214597
1924	62943
1924	74587
1924	182761
1924	221028
1924	238235
1924	247212
1924	272275
1924	274475
1924	471411
1924	522494
1925	53157
1925	157418
1925	191226
1925	200143
1925	375114
1925	452782
1925	462849
1926	325326
1926	414564
1926	436000
1926	501806
1928	100395
1928	341738
1928	474265
1929	17002
1929	359407
1931	267092
1931	449116
1931	451313
1935	4036
1935	73557
1935	194435
1935	439863
1935	517336
1936	156684
1936	335622
1936	421030
1936	498624
1937	20809
1937	39249
1937	49457
1937	56615
1937	108137
1937	163057
1937	203678
1937	229531
1937	240351
1937	273777
1937	291531
1937	295741
1937	326437
1937	476714
1937	508526
1937	518147
1937	536062
1938	74279
1938	174061
1938	182028
1938	278643
1938	281596
1938	523945
1938	545859
1939	148905
1939	387527
1939	413251
1940	53856
1940	219145
1940	352032
1940	357564
1940	394008
1941	56948
1941	105293
1941	238391
1941	388975
1941	431909
1943	155060
1943	380295
1943	390573
1943	398723
1943	406802
1945	13039
1945	75259
1945	390811
1945	442392
1946	222394
1946	511555
1947	232029
1947	337334
1947	355803
1947	475555
1948	316475
1951	409774
1951	472772
1951	507002
1953	122410
1953	232584
1953	282215
1953	430851
1953	478881
1953	487455
1953	541328
1955	35608
1955	121618
1955	228856
1955	418921
1955	471047
1957	177965
1957	201906
1957	295012
1957	510729
1958	285931
1958	287720
1958	509566
1959	57272
1959	83670
1959	88880
1959	139309
1959	143072
1959	148720
1959	160963
1959	177429
1959	227873
1959	237230
1959	240795
1959	406361
1959	443277
1959	473692
1959	478378
1959	491461
1959	523332
1962	167602
1962	270141
1962	483095
1963	125112
1963	145980
1963	333633
1963	389549
1963	450238
1963	516930
1965	8934
1965	167220
1965	353741
1965	530074
1966	372055
1966	510858
1967	62940
1967	168824
1969	148775
1969	278985
1969	295694
1969	321808
1969	470464
1971	127436
1971	262583
1971	321973
1971	414394
1972	224067
1972	281865
1972	298156
1972	353484
1974	61288
1974	223835
1974	455902
1974	490182
1975	17391
1975	59288
1975	60460
1975	76408
1975	80787
1975	131079
1975	203588
1975	245157
1975	297355
1975	423813
1975	433185
1975	458544
1975	476898
1975	528583
1975	534211
1976	252981
1976	289571
1976	530753
1976	537619
1978	4704
1978	194167
1978	239165
1978	279878
1978	353741
1978	392002
1979	35690
1979	55052
1979	55888
1979	149857
1979	153803
1979	192431
1979	225867
1979	231412
1979	376164
1979	400115
1979	409305
1979	417116
1979	459611
1979	489479
1979	513241
1979	525462
1980	268577
1981	16781
1981	18873
1981	42618
1981	105265
1981	239737
1981	280494
1981	314400
1981	416346
1981	525873
1984	308191
1984	320838
1984	409440
1984	425366
1984	493834
1985	74125
1985	82813
1985	131971
1985	133298
1985	181076
1985	186164
1985	294272
1985	303720
1985	338229
1985	394808
1985	410970
1985	453408
1985	481949
1985	498537
1985	499390
1986	219020
1986	370903
1987	58121
1987	141038
1987	242723
1987	311074
1987	361647
1987	374860
1987	375327
1987	392379
1987	492585
1988	436835
1988	469013
1988	496585
1988	538031
1989	136581
1989	161966
1989	540388
1990	285136
1990	368884
1990	477234
1993	155566
1993	400082
1993	413936
1993	443565
1993	458498
1993	522386
1994	61102
1994	186228
1994	219888
1995	45867
1995	392336
1996	11886
1996	18457
1996	62294
1996	293843
1996	411619
1997	51247
1997	228491
1997	310425
1997	330885
1997	355108
1997	458845
1997	478821
1998	6710
1998	200926
1998	429000
1999	57147
1999	115834
1999	172151
1999	186548
1999	386141
2000	159232
2000	171865
2000	175675
2000	352242
2000	355789
2001	22132
2001	27459
2001	37727
2001	42462
2001	454466
2001	475268
2001	491078
2001	521289
2002	52136
2005	33671
2005	152016
2005	181772
2005	207434
2005	270370
2005	474964
2005	483198
2005	515668
2005	537910
2007	75496
2007	153958
2008	77061
2008	489009
2009	86539
2009	197985
2009	272843
2009	323787
2009	472597
2012	100707
2012	547414
2014	39670
2014	303607
2014	421311
2014	519929
2018	105307
2018	321839
2018	321840
2018	328358
2018	373386
2019	274731
2019	275599
2019	350007
2019	392702
2019	443964
2019	477330
2023	18025
2023	96342
2023	393460
2023	424617
2023	536069
2027	17361
2027	25594
2027	447726
2029	64720
2029	135834
2029	143213
2029	238635
2029	293567
2029	348248
2029	370343
2029	516878
2029	519401
2030	100420
2030	158630
2030	228143
2030	355338
2030	356916
2030	382687
2030	443374
2031	74180
2031	148233
2031	181462
2031	293445
2032	100209
2032	145401
2032	146311
2032	248586
2032	361693
2032	417926
2032	433908
2032	459391
2034	96678
2034	126288
2034	231018
2034	454353
2038	41288
2038	108627
2038	416021
2040	52668
2040	85893
2040	291742
2040	412514
2043	3755
2043	211565
2043	459023
2044	207773
2044	543983
2046	246026
2046	382250
2046	400206
2046	415437
2047	91717
2047	130861
2047	262377
2047	425178
2049	9519
2049	18921
2049	337004
2049	371981
2049	485950
2050	13675
2050	413726
2050	480974
2050	490190
2050	517430
2051	112865
2052	4321
2052	19773
2053	20201
2053	217069
2053	438700
2053	441029
2054	74554
2054	148734
2054	160329
2054	226460
2054	282319
2054	423632
2054	452471
2055	14789
2055	178386
2055	269808
2055	311873
2055	319861
2055	320335
2057	145569
2057	312364
2057	468109
2057	505499
2058	54618
2058	159436
2058	186000
2058	253717
2058	369668
2060	24145
2060	83305
2060	89082
2060	272458
2060	273182
2060	338375
2060	437245
2061	143441
2061	284908
2063	375349
2064	197833
2066	314954
2066	332567
2066	473672
2067	76270
2067	261029
2067	342715
2067	487864
2067	529162
2068	186695
2068	252616
2068	320647
2068	349914
2068	530307
2069	46524
2069	98761
2069	142449
2069	175000
2069	175002
2069	175003
2070	43442
2070	90240
2070	96685
2070	114735
2070	159630
2070	213923
2070	245137
2070	246316
2070	262621
2070	286249
2070	338184
2070	353369
2070	354778
2070	361807
2070	431524
2070	451555
2070	487669
2070	522344
2071	522458
2072	24728
2072	193998
2072	250840
2072	329305
2072	516881
2073	30994
2073	131285
2073	136182
2073	165437
2073	240350
2073	256054
2073	270494
2073	395515
2073	473104
2073	509979
2074	14644
2074	252092
2074	275293
2074	341117
2074	354977
2074	404816
2074	434952
2074	466946
2074	537868
2075	26126
2075	188324
2075	355524
2075	537813
2077	14944
2079	3514
2079	62082
2079	373488
2081	180259
2081	210158
2081	281830
2081	321462
2081	388755
2081	416937
2082	402060
2085	21642
2085	223550
2085	517385
2085	534655
2086	93941
2086	143691
2086	181996
2086	325091
2086	487385
2089	9221
2089	20947
2089	41242
2089	153662
2089	269027
2089	306979
2089	382451
2089	395318
2089	418647
2089	421388
2089	439639
2090	47812
2090	109772
2090	254983
2090	333182
2090	432144
2091	99887
2091	104786
2091	167223
2091	198209
2091	212810
2091	242722
2091	289798
2091	426821
2091	467150
2091	511413